1
0.png
0.png
2
1.png
1.png
3
10.png
10.png
4
100.png
100.png
5
101.png
101.png
6
102.png
102.png
7
103.png
103.png
8
104.png
104.png
9
105.png
105.png
10
106.png
106.png
11
107.png
107.png
12
108.png
108.png
13
109.png
109.png
 Global acc = 0.13197 Class average acc = 0.97129 Mean Int over Union = 0.97128


+
 Global acc = 0.13418 Class average acc = 0.96613 Mean Int over Union = 0.96611

pip uninstall matplotlib
cd matplotlib
python setup.py install
apt-get install python-tk
apt-get install octave


ad29be7ba07d

Global acc = 0.080836 Class average acc = 0.95597 Mean Int over Union = 0.95593



for regular - 
dpi 75 - Global acc = 0.866834143022	Class average acc = 0.624242298526 	Mean Int over Union = 0.495648815186
python - Global acc = 0.866938860761 	Class average acc = 0.612113298248	Mean Int over Union = 0.485147761929
MATLAB - Global acc = 0.9385 		Class average acc = 0.94968 		Mean Int over Union = 0.94965

for basic - 
dpi 75 - Global acc = 0.812111299873 	Class average acc = 0.653483515541 	Mean Int over Union = 0.436883429629
python - Global acc = 0.81253298518	Class average acc = 0.639053818227 	Mean Int over Union = 0.42620871821
MATLAB - Global acc = 0.88661 		Class average acc = 0.95597 		Mean Int over Union = 0.95593



new accuracy: with webdemo model/weights & roadmarking added
Global acc = 0.858219753418 Class average acc = 0.826907256988 Mean Int over Union = 0.594891580713

"road_marking":	(255,69,0), 



gt: -12
(192, 128, 128, 255)
(60, 40, 222, 255)
(11, 11, 11, 255)
(64, 64, 0, 255)
(64, 64, 128, 255)
(128, 64, 128, 255)
(128, 128, 0, 255)
(64, 0, 128, 255)
(128, 128, 128, 255)
(192, 192, 128, 255)
(0, 128, 192, 255)
(128, 0, 0, 255)

predictions:
pavement 	(222, 40, 60, 255)
tree     	(0, 128, 128, 255)
fence		(128, 64, 64, 255)
sign	 	(128, 128, 192, 255)
building 	(0, 0, 128, 255)
pedestrian 	(0, 64, 64, 255)
road		(128, 64, 128, 255)
bicyclist	(192, 128, 0, 255)
sky		(128, 128, 128, 255)
cars		(128, 0, 64, 255)
pole		(128, 192, 192, 255)




iter==1:
10 -15 0.00225694444444 -0.0148856230601 2.01330905192e-06
10 -15 -0.00372685185185 -0.0153380934908 -0.00619872703767

iter==3:
10 -15 0.00337962962963 -0.012055357858 0.00256222145125

unaries_opt:
(few changes)10 -15 0.00450617283951 -0.0421853034255 -0.00683151468594
(lot changes)10 -15 -0.00126736111111 -0.00767282438134 -0.00258201829505

pairwise_opt:
10 -15 0.00349537037037 -0.0016125546382 0.00536580337167

optimized unaries: (iter == 3)
10 -15 0.00516203703704 -0.0479962417542 -0.00877657529141
10 -15 0.00450617283951 -0.0421853034255 -0.00683151468594


iter==5:
10 -15 0.00346064814815 -0.0103278232574 0.00405762474735

iter==10:
10 -15 0.00279224537037 -0.00785558555229 0.00323954524955




iter == 3:
250 -1000 0.0100308641975 -0.0875176819704 -0.0107168818583
10 -12 0.00259452160494 -0.00340992741653 0.00353979055843
10 -12 0.0023130787037 -0.00265770243368 0.00328151510418 (7 run on 10)

unaries:
10 -12 0.00293981481481 -0.0343950148651 -0.00612752909489

pairwise_opt:
10 -12 0.0026774691358 0.0007800817802 0.00417621514071   (6)
10 -12 0.00255594135802 0.00130458361974 0.00394148882708 (8)
10 -12 0.00260223765432 0.0012699964274 0.00405611880306  (7)
10 -12 0.00231481481481 -0.00113097736823 0.0029404024655 (7 run on 10)


problem: (255, 69, 0) - road_marking
	 (192, 192, 128) - pole












with pairwise_opt:

10 -12 0.0026774691358 0.0007800817802 0.00417621514071
(64, 0, 128) 0.993707525799
(64, 0, 128) 0.994210923735
(64, 64, 0) 0.949623029472
(64, 64, 0) 0.954592186429
(128, 128, 128) 0.947296821485
(128, 128, 128) 0.948425146442
(192, 128, 128) 0.910048266784
(192, 128, 128) 0.919043440105
(255, 69, 0) 0.906274980016
(255, 69, 0) 0.898681055156
(60, 40, 222) 0.916228561579
(60, 40, 222) 0.918253899853
(0, 128, 192) 0.983831851253
(0, 128, 192) 0.984370789545
(128, 0, 0) 0.86660730478
(128, 0, 0) 0.869711550244
(128, 64, 128) 0.888283595443
(128, 64, 128) 0.889486450484
(192, 192, 128) 0.861519607843
(192, 192, 128) 0.846200980392
(128, 128, 0) 0.840153559407
(128, 128, 0) 0.849959662837
(0, 0, 0) 0.0
(0, 0, 0) 0.0

10 -12 0.00259452160494 -0.00340992741653 0.00353979055843
(64, 0, 128) 0.993707525799
(64, 0, 128) 0.994336773219
(64, 64, 0) 0.949623029472
(64, 64, 0) 0.954592186429
(128, 128, 128) 0.947296821485
(128, 128, 128) 0.948425146442
(192, 128, 128) 0.910048266784
(192, 128, 128) 0.919043440105
(255, 69, 0) 0.906274980016
(255, 69, 0) 0.845723421263
(60, 40, 222) 0.916228561579
(60, 40, 222) 0.918727915194
(0, 128, 192) 0.983831851253
(0, 128, 192) 0.984370789545
(128, 0, 0) 0.86660730478
(128, 0, 0) 0.869711550244
(128, 64, 128) 0.888283595443
(128, 64, 128) 0.891564109191
(192, 192, 128) 0.861519607843
(192, 192, 128) 0.846200980392
(128, 128, 0) 0.840153559407
(128, 128, 0) 0.849959662837
(0, 0, 0) 0.0
(0, 0, 0) 0.0



10 -8 0.000292760567213 -0.0005488306239 0.00152046375242
10 -8 0.000523066832166 0.00313474157257 0.00309824012531



10 -8 0.000292760567213 -0.0005488306239 0.00152046375242


without pairwise opt:

233 800 -1000 0.00139541249201 0.00011584047933 0.00273983470124
(60, 40, 222, 255) 0.961153120283
(60, 40, 222, 255) 0.962044097617
(192, 128, 128, 255) 0.650103784443
(192, 128, 128, 255) 0.648569151919
(64, 64, 128, 255) 0.937911985353
(64, 64, 128, 255) 0.940896421403
(128, 64, 128, 255) 0.958484835565
(128, 64, 128, 255) 0.958686458927
(128, 128, 0, 255) 0.879305523522
(128, 128, 0, 255) 0.884223315703
(64, 64, 0, 255) 0.93226554664
(64, 64, 0, 255) 0.933390013791
(64, 0, 128, 255) 0.983946835893
(64, 0, 128, 255) 0.984714756329
(128, 0, 0, 255) 0.855582345419
(128, 0, 0, 255) 0.858578994567
(192, 192, 128, 255) 0.887838023191
(192, 192, 128, 255) 0.877010730225
(0, 128, 192, 255) 0.918026764629
(0, 128, 192, 255) 0.91785620572
(128, 128, 128, 255) 0.939123403321
(128, 128, 128, 255) 0.939046267331


new accuracy: with webdemo model/weights & roadmarking added
Global acc = 0.858219753418 Class average acc = 0.826907256988 Mean Int over Union = 0.594891580713

with pairwise opt:
233 800 -1000 0.00136689937144 0.000159692350189 0.00270528371136
(60, 40, 222, 255) 0.961153120283
(60, 40, 222, 255) 0.962034182982
(192, 128, 128, 255) 0.650103784443
(192, 128, 128, 255) 0.648524883673
(64, 64, 128, 255) 0.937911985353
(64, 64, 128, 255) 0.940820919156
(128, 64, 128, 255) 0.958484835565
(128, 64, 128, 255) 0.958699740084
(128, 128, 0, 255) 0.879305523522
(128, 128, 0, 255) 0.883912118908
(64, 64, 0, 255) 0.93226554664
(64, 64, 0, 255) 0.933421357823
(64, 0, 128, 255) 0.983946835893
(64, 0, 128, 255) 0.984706001536
(128, 0, 0, 255) 0.855582345419
(128, 0, 0, 255) 0.858549418719
(192, 192, 128, 255) 0.887838023191
(192, 192, 128, 255) 0.877922324566
(0, 128, 192, 255) 0.918026764629
(0, 128, 192, 255) 0.917843085804
(128, 128, 128, 255) 0.939123403321
(128, 128, 128, 255) 0.939064750861


622+43+178+162+130+31+31+19+48+52+72+15+25




(60, 40, 222, 255) 0.932223019264
(192, 128, 128, 255) 0.339333320217
(64, 64, 128, 255) 0.626628803688
(128, 64, 128, 255) 0.899873549912
(128, 128, 0, 255) 0.85605890227
(64, 64, 0, 255) 0.706290747242
(64, 0, 128, 255) 0.866656994705
(128, 0, 0, 255) 0.835248192845
(192, 192, 128, 255) 0.436254866584
(0, 128, 192, 255) 0.434138021517
(128, 128, 128, 255) 0.915662419142
Global acc = 0.865640364785 Class average acc = 0.713488076126 Mean Int over Union = 0.546203389462


color_set = {
"sky": 		(128,128,128), 
"building": 	(128,0,0), 
"pole" : 	(192,192,128), 
"road" : 	(128,64,128),
"pavement":	(60,40,222), 
"tree":		(128,128,0), 
"signSymbol": 	(192,128,128), 
"fence":	(64,64,128), 
"car":		(64,0,128),
"pedestrian": 	(64,64,0) ,
"bicyclist":	(0, 128, 192), 
"unlabelled":	(0,0,0)
}



(192, 128, 128, 255) 0.650103784443
(60, 40, 222, 255) 0.961153120283
(11, 11, 11, 255) 0.0
(64, 64, 0, 255) 0.93226554664
(64, 64, 128, 255) 0.937911985353
(128, 64, 128, 255) 0.958484835565
(128, 128, 0, 255) 0.879305523522
(64, 0, 128, 255) 0.983946835893
(128, 128, 128, 255) 0.939123403321
(192, 192, 128, 255) 0.887838023191
(0, 128, 192, 255) 0.918026764629
(128, 0, 0, 255) 0.855582345419
Global acc = 0.881035333214 Class average acc = 0.825311847355 Mean Int over Union = 0.6171690101
(192, 128, 128, 255) 0.648524883673
(60, 40, 222, 255) 0.962034182982
(11, 11, 11, 255) 0.0
(64, 64, 0, 255) 0.933421357823
(64, 64, 128, 255) 0.940820919156
(128, 64, 128, 255) 0.958699740084
(128, 128, 0, 255) 0.883912118908
(64, 0, 128, 255) 0.984706001536
(128, 128, 128, 255) 0.939064750861
(192, 192, 128, 255) 0.877922324566
(0, 128, 192, 255) 0.917843085804
(128, 0, 0, 255) 0.858549418719
Global acc = 0.882349835082 Class average acc = 0.825458232009 Mean Int over Union = 0.619601813287


===== original =========
[79676792.0, 1970.0, 11810.0, 60.0, 179007.0, 7344.0, 955.0, 561.0, 116504.0, 8969.0, 11546.0, 85716.0]
[1970.0, 57987916.0, 198209.0, 157050.0, 60075.0, 96460.0, 99331.0, 17044.0, 66585.0, 60811.0, 6670.0, 117706.0]
[11810.0, 198209.0, 1948852.0, 83463.0, 33288.0, 88871.0, 23009.0, 6113.0, 10518.0, 3854.0, 667.0, 81921.0]
[60.0, 157050.0, 83463.0, 41317066.0, 3.0, 588866.0, 3740.0, 12.0, 1714.0, 9.0, 79.0, 449084.0]
[179007.0, 60075.0, 33288.0, 3.0, 10957230.0, 11470.0, 2451.0, 11769.0, 10209.0, 23267.0, 5839.0, 59906.0]
[7344.0, 96460.0, 88871.0, 588866.0, 11470.0, 23645860.0, 29250.0, 15877.0, 23163.0, 3135.0, 2151.0, 103446.0]
[955.0, 99331.0, 23009.0, 3740.0, 2451.0, 29250.0, 2777404.0, 1316.0, 3935.0, 342.0, 196.0, 29273.0]
[561.0, 17044.0, 6113.0, 12.0, 11769.0, 15877.0, 1316.0, 2765062.0, 5817.0, 4656.0, 644.0, 23853.0]
[116504.0, 66585.0, 10518.0, 1714.0, 10209.0, 23163.0, 3935.0, 5817.0, 14555436.0, 8660.0, 3775.0, 52013.0]
[8969.0, 60811.0, 3854.0, 9.0, 23267.0, 3135.0, 342.0, 4656.0, 8660.0, 1462412.0, 595.0, 43703.0]
[11546.0, 6670.0, 667.0, 79.0, 5839.0, 2151.0, 196.0, 644.0, 3775.0, 595.0, 697366.0, 9506.0]
[85716.0, 117706.0, 81921.0, 449084.0, 59906.0, 103446.0, 29273.0, 23853.0, 52013.0, 43703.0, 9506.0, 8922822.0]
====== horiz ========
[1.0, 2.4724891032259433e-05, 0.00014822383913247914, 7.530423664647543e-07, 0.002246664248229271, 9.217238565528592e-05, 1.1985924332897339e-05, 7.0409461264454525e-06, 0.0014622074643768287, 0.00011256728308037302, 0.0001449104527200342, 85716.0]
[3.3972595255880556e-05, 1.0, 0.0034181086969912837, 0.0027083228857543353, 0.0010359917055822458, 0.0016634500194833697, 0.0017129603347014574, 0.00029392330636610563, 0.0011482564746765516, 0.0010486840051296205, 0.00011502396464808289, 117706.0]
[0.006059977874153604, 0.10170551688891717, 1.0, 0.042826751338736854, 0.01708082501903685, 0.04560171834495385, 0.011806437841354808, 0.003136718437315917, 0.005397023478437562, 0.0019775744900074506, 0.00034225277240139325, 81921.0]
[1.4521844314889155e-06, 0.0038010927494222363, 0.0020200611534226557, 1.0, 7.260922157444577e-08, 0.014252367290552528, 9.051949622947573e-05, 2.904368862977831e-07, 4.148406859286669e-05, 2.1782766472333732e-07, 1.9120428347937387e-06, 449084.0]
[0.016336884413305188, 0.005482681298101802, 0.0030379940915724137, 2.7379182512368547e-07, 1.0, 0.0010467974113895573, 0.000223687921126051, 0.001074085329960218, 0.0009317135808959016, 0.0021234381317175965, 0.0005328901556323998, 59906.0]
[0.00031058290965099174, 0.004079361038253631, 0.003758416906807365, 0.02490355605590154, 0.00048507434282364864, 1.0, 0.0012370030102521119, 0.0006714494630349668, 0.000979579512016057, 0.00013258134827830327, 9.096729829238607e-05, 103446.0]
[0.00034384626795381585, 0.03576397240012616, 0.008284354742774188, 0.0013465811959657292, 0.0008824787463401076, 0.010531417107485983, 1.0, 0.0004738237577248395, 0.001416790643348969, 0.0001231365692567592, 7.056949583135907e-05, 29273.0]
[0.00020288875981804385, 0.006164057080817718, 0.0022108003364843176, 4.3398665201720614e-06, 0.004256324089658749, 0.005742005061730985, 0.00047593869504553607, 1.0, 0.002103750295653407, 0.0016838682098267597, 0.0002329061699159006, 23853.0]
[0.00800415734712447, 0.0045745795591420274, 0.0007226166224082879, 0.00011775669241374837, 0.000701387440403709, 0.001591364216090813, 0.00027034573200005824, 0.00039964450395027674, 1.0, 0.0005949667189632795, 0.0002593532752986582, 52013.0]
[0.00613301860214495, 0.041582673008700693, 0.0026353722480395403, 6.154216458836497e-06, 0.015910017149749864, 0.00214371873316138, 0.00023386022543578691, 0.003183781314704748, 0.005921723837058229, 1.0, 0.00040686208811196843, 43703.0]
[0.01655658578135441, 0.00956456150715693, 0.000956456150715693, 0.00011328341215373277, 0.008372934728679058, 0.003084463538514926, 0.00028105757952065345, 0.0009234749041392899, 0.005413226340257483, 0.0008532105092591265, 1.0, 9506.0]
[85716.0, 117706.0, 81921.0, 449084.0, 59906.0, 103446.0, 29273.0, 23853.0, 52013.0, 43703.0, 9506.0, 8922822.0]
====== vert ========
[1.0, 3.3972595255880556e-05, 0.006059977874153604, 1.4521844314889155e-06, 0.016336884413305188, 0.00031058290965099174, 0.00034384626795381585, 0.00020288875981804385, 0.00800415734712447, 0.00613301860214495, 0.01655658578135441, 85716.0]
[2.4724891032259433e-05, 1.0, 0.10170551688891717, 0.0038010927494222363, 0.005482681298101802, 0.004079361038253631, 0.03576397240012616, 0.006164057080817718, 0.0045745795591420274, 0.041582673008700693, 0.00956456150715693, 117706.0]
[0.00014822383913247914, 0.0034181086969912837, 1.0, 0.0020200611534226557, 0.0030379940915724137, 0.003758416906807365, 0.008284354742774188, 0.0022108003364843176, 0.0007226166224082879, 0.0026353722480395403, 0.000956456150715693, 81921.0]
[7.530423664647543e-07, 0.0027083228857543353, 0.042826751338736854, 1.0, 2.7379182512368547e-07, 0.02490355605590154, 0.0013465811959657292, 4.3398665201720614e-06, 0.00011775669241374837, 6.154216458836497e-06, 0.00011328341215373277, 449084.0]
[0.002246664248229271, 0.0010359917055822458, 0.01708082501903685, 7.260922157444577e-08, 1.0, 0.00048507434282364864, 0.0008824787463401076, 0.004256324089658749, 0.000701387440403709, 0.015910017149749864, 0.008372934728679058, 59906.0]
[9.217238565528592e-05, 0.0016634500194833697, 0.04560171834495385, 0.014252367290552528, 0.0010467974113895573, 1.0, 0.010531417107485983, 0.005742005061730985, 0.001591364216090813, 0.00214371873316138, 0.003084463538514926, 103446.0]
[1.1985924332897339e-05, 0.0017129603347014574, 0.011806437841354808, 9.051949622947573e-05, 0.000223687921126051, 0.0012370030102521119, 1.0, 0.00047593869504553607, 0.00027034573200005824, 0.00023386022543578691, 0.00028105757952065345, 29273.0]
[7.0409461264454525e-06, 0.00029392330636610563, 0.003136718437315917, 2.904368862977831e-07, 0.001074085329960218, 0.0006714494630349668, 0.0004738237577248395, 1.0, 0.00039964450395027674, 0.003183781314704748, 0.0009234749041392899, 23853.0]
[0.0014622074643768287, 0.0011482564746765516, 0.005397023478437562, 4.148406859286669e-05, 0.0009317135808959016, 0.000979579512016057, 0.001416790643348969, 0.002103750295653407, 1.0, 0.005921723837058229, 0.005413226340257483, 52013.0]
[0.00011256728308037302, 0.0010486840051296205, 0.0019775744900074506, 2.1782766472333732e-07, 0.0021234381317175965, 0.00013258134827830327, 0.0001231365692567592, 0.0016838682098267597, 0.0005949667189632795, 1.0, 0.0008532105092591265, 43703.0]
[0.0001449104527200342, 0.00011502396464808289, 0.00034225277240139325, 1.9120428347937387e-06, 0.0005328901556323998, 9.096729829238607e-05, 7.056949583135907e-05, 0.0002329061699159006, 0.0002593532752986582, 0.00040686208811196843, 1.0, 9506.0]
[85716.0, 117706.0, 81921.0, 449084.0, 59906.0, 103446.0, 29273.0, 23853.0, 52013.0, 43703.0, 9506.0, 8922822.0]
======= final =======
[1.0, 2.9348743144069994e-05, 0.0031041008566430415, 1.1026133989768348e-06, 0.009291774330767229, 0.00020137764765313884, 0.0001779160961433566, 0.00010496485297224465, 0.004733182405750649, 0.0031227929426126616, 0.008350748117037222, 85716.0]
[2.9348743144069994e-05, 1.0, 0.05256181279295423, 0.003254707817588286, 0.0032593365018420235, 0.0028714055288685007, 0.01873846636741381, 0.0032289901935919118, 0.0028614180169092896, 0.021315678506915157, 0.004839792735902506, 117706.0]
[0.0031041008566430415, 0.05256181279295423, 1.0, 0.022423406246079754, 0.010059409555304632, 0.024680067625880608, 0.0100453962920645, 0.0026737593869001174, 0.003059820050422925, 0.0023064733690234956, 0.0006493544615585431, 81921.0]
[1.1026133989768348e-06, 0.003254707817588286, 0.022423406246079754, 1.0, 1.7320052334906562e-07, 0.019577961673227035, 0.0007185503460976025, 2.315151703234922e-06, 7.962038050330753e-05, 3.1860220617799174e-06, 5.7597727494263254e-05, 449084.0]
[0.009291774330767229, 0.0032593365018420235, 0.010059409555304632, 1.7320052334906562e-07, 1.0, 0.000765935877106603, 0.0005530833337330793, 0.0026652047098094833, 0.0008165505106498053, 0.00901672764073373, 0.004452912442155729, 59906.0]
[0.00020137764765313884, 0.0028714055288685007, 0.024680067625880608, 0.019577961673227035, 0.000765935877106603, 1.0, 0.005884210058869048, 0.0032067272623829755, 0.001285471864053435, 0.0011381500407198417, 0.001587715418403656, 103446.0]
[0.0001779160961433566, 0.01873846636741381, 0.0100453962920645, 0.0007185503460976025, 0.0005530833337330793, 0.005884210058869048, 1.0, 0.00047488122638518775, 0.0008435681876745136, 0.00017849839734627304, 0.00017581353767600626, 29273.0]
[0.00010496485297224465, 0.0032289901935919118, 0.0026737593869001174, 2.315151703234922e-06, 0.0026652047098094833, 0.0032067272623829755, 0.00047488122638518775, 1.0, 0.0012516973998018418, 0.002433824762265754, 0.0005781905370275953, 23853.0]
[0.004733182405750649, 0.0028614180169092896, 0.003059820050422925, 7.962038050330753e-05, 0.0008165505106498053, 0.001285471864053435, 0.0008435681876745136, 0.0012516973998018418, 1.0, 0.0032583452780107543, 0.0028362898077780706, 52013.0]
[0.0031227929426126616, 0.021315678506915157, 0.0023064733690234956, 3.1860220617799174e-06, 0.00901672764073373, 0.0011381500407198417, 0.00017849839734627304, 0.002433824762265754, 0.0032583452780107543, 1.0, 0.0006300362986855475, 43703.0]
[0.008350748117037222, 0.004839792735902506, 0.0006493544615585431, 5.7597727494263254e-05, 0.004452912442155729, 0.001587715418403656, 0.00017581353767600626, 0.0005781905370275953, 0.0028362898077780706, 0.0006300362986855475, 1.0, 9506.0]
[85716.0, 117706.0, 81921.0, 449084.0, 59906.0, 103446.0, 29273.0, 23853.0, 52013.0, 43703.0, 9506.0, 8922822.0]
