

"road_marking":	(255,69,0), 



gt: -12
(192, 128, 128, 255)
(60, 40, 222, 255)
(11, 11, 11, 255)
(64, 64, 0, 255)
(64, 64, 128, 255)
(128, 64, 128, 255)
(128, 128, 0, 255)
(64, 0, 128, 255)
(128, 128, 128, 255)
(192, 192, 128, 255)
(0, 128, 192, 255)
(128, 0, 0, 255)

predictions:
pavement 	(222, 40, 60, 255)
tree     	(0, 128, 128, 255)
fence		(128, 64, 64, 255)
sign	 	(128, 128, 192, 255)
building 	(0, 0, 128, 255)
pedestrian 	(0, 64, 64, 255)
road		(128, 64, 128, 255)
bicyclist	(192, 128, 0, 255)
sky		(128, 128, 128, 255)
cars		(128, 0, 64, 255)
pole		(128, 192, 192, 255)




new accuracy: with webdemo model/weights & roadmarking added
Global acc = 0.858219753418 Class average acc = 0.826907256988 Mean Int over Union = 0.594891580713

with pairwise opt:
233 800 -1000 0.00136689937144 0.000159692350189 0.00270528371136
(60, 40, 222, 255) 0.961153120283
(60, 40, 222, 255) 0.962034182982
(192, 128, 128, 255) 0.650103784443
(192, 128, 128, 255) 0.648524883673
(64, 64, 128, 255) 0.937911985353
(64, 64, 128, 255) 0.940820919156
(128, 64, 128, 255) 0.958484835565
(128, 64, 128, 255) 0.958699740084
(128, 128, 0, 255) 0.879305523522
(128, 128, 0, 255) 0.883912118908
(64, 64, 0, 255) 0.93226554664
(64, 64, 0, 255) 0.933421357823
(64, 0, 128, 255) 0.983946835893
(64, 0, 128, 255) 0.984706001536
(128, 0, 0, 255) 0.855582345419
(128, 0, 0, 255) 0.858549418719
(192, 192, 128, 255) 0.887838023191
(192, 192, 128, 255) 0.877922324566
(0, 128, 192, 255) 0.918026764629
(0, 128, 192, 255) 0.917843085804
(128, 128, 128, 255) 0.939123403321
(128, 128, 128, 255) 0.939064750861


622+43+178+162+130+31+31+19+48+52+72+15+25




(60, 40, 222, 255) 0.932223019264
(192, 128, 128, 255) 0.339333320217
(64, 64, 128, 255) 0.626628803688
(128, 64, 128, 255) 0.899873549912
(128, 128, 0, 255) 0.85605890227
(64, 64, 0, 255) 0.706290747242
(64, 0, 128, 255) 0.866656994705
(128, 0, 0, 255) 0.835248192845
(192, 192, 128, 255) 0.436254866584
(0, 128, 192, 255) 0.434138021517
(128, 128, 128, 255) 0.915662419142
Global acc = 0.865640364785 Class average acc = 0.713488076126 Mean Int over Union = 0.546203389462


color_set = {
"sky": 		(128,128,128), 
"building": 	(128,0,0), 
"pole" : 	(192,192,128), 
"road" : 	(128,64,128),
"pavement":	(60,40,222), 
"tree":		(128,128,0), 
"signSymbol": 	(192,128,128), 
"fence":	(64,64,128), 
"car":		(64,0,128),
"pedestrian": 	(64,64,0) ,
"bicyclist":	(0, 128, 192), 
"unlabelled":	(0,0,0)
}



(192, 128, 128, 255) 0.650103784443
(60, 40, 222, 255) 0.961153120283
(11, 11, 11, 255) 0.0
(64, 64, 0, 255) 0.93226554664
(64, 64, 128, 255) 0.937911985353
(128, 64, 128, 255) 0.958484835565
(128, 128, 0, 255) 0.879305523522
(64, 0, 128, 255) 0.983946835893
(128, 128, 128, 255) 0.939123403321
(192, 192, 128, 255) 0.887838023191
(0, 128, 192, 255) 0.918026764629
(128, 0, 0, 255) 0.855582345419
Global acc = 0.881035333214 Class average acc = 0.825311847355 Mean Int over Union = 0.6171690101
(192, 128, 128, 255) 0.648524883673
(60, 40, 222, 255) 0.962034182982
(11, 11, 11, 255) 0.0
(64, 64, 0, 255) 0.933421357823
(64, 64, 128, 255) 0.940820919156
(128, 64, 128, 255) 0.958699740084
(128, 128, 0, 255) 0.883912118908
(64, 0, 128, 255) 0.984706001536
(128, 128, 128, 255) 0.939064750861
(192, 192, 128, 255) 0.877922324566
(0, 128, 192, 255) 0.917843085804
(128, 0, 0, 255) 0.858549418719
Global acc = 0.882349835082 Class average acc = 0.825458232009 Mean Int over Union = 0.619601813287


===== original =========
[79676792.0, 1970.0, 11810.0, 60.0, 179007.0, 7344.0, 955.0, 561.0, 116504.0, 8969.0, 11546.0, 85716.0]
[1970.0, 57987916.0, 198209.0, 157050.0, 60075.0, 96460.0, 99331.0, 17044.0, 66585.0, 60811.0, 6670.0, 117706.0]
[11810.0, 198209.0, 1948852.0, 83463.0, 33288.0, 88871.0, 23009.0, 6113.0, 10518.0, 3854.0, 667.0, 81921.0]
[60.0, 157050.0, 83463.0, 41317066.0, 3.0, 588866.0, 3740.0, 12.0, 1714.0, 9.0, 79.0, 449084.0]
[179007.0, 60075.0, 33288.0, 3.0, 10957230.0, 11470.0, 2451.0, 11769.0, 10209.0, 23267.0, 5839.0, 59906.0]
[7344.0, 96460.0, 88871.0, 588866.0, 11470.0, 23645860.0, 29250.0, 15877.0, 23163.0, 3135.0, 2151.0, 103446.0]
[955.0, 99331.0, 23009.0, 3740.0, 2451.0, 29250.0, 2777404.0, 1316.0, 3935.0, 342.0, 196.0, 29273.0]
[561.0, 17044.0, 6113.0, 12.0, 11769.0, 15877.0, 1316.0, 2765062.0, 5817.0, 4656.0, 644.0, 23853.0]
[116504.0, 66585.0, 10518.0, 1714.0, 10209.0, 23163.0, 3935.0, 5817.0, 14555436.0, 8660.0, 3775.0, 52013.0]
[8969.0, 60811.0, 3854.0, 9.0, 23267.0, 3135.0, 342.0, 4656.0, 8660.0, 1462412.0, 595.0, 43703.0]
[11546.0, 6670.0, 667.0, 79.0, 5839.0, 2151.0, 196.0, 644.0, 3775.0, 595.0, 697366.0, 9506.0]
[85716.0, 117706.0, 81921.0, 449084.0, 59906.0, 103446.0, 29273.0, 23853.0, 52013.0, 43703.0, 9506.0, 8922822.0]
====== horiz ========
[1.0, 2.4724891032259433e-05, 0.00014822383913247914, 7.530423664647543e-07, 0.002246664248229271, 9.217238565528592e-05, 1.1985924332897339e-05, 7.0409461264454525e-06, 0.0014622074643768287, 0.00011256728308037302, 0.0001449104527200342, 85716.0]
[3.3972595255880556e-05, 1.0, 0.0034181086969912837, 0.0027083228857543353, 0.0010359917055822458, 0.0016634500194833697, 0.0017129603347014574, 0.00029392330636610563, 0.0011482564746765516, 0.0010486840051296205, 0.00011502396464808289, 117706.0]
[0.006059977874153604, 0.10170551688891717, 1.0, 0.042826751338736854, 0.01708082501903685, 0.04560171834495385, 0.011806437841354808, 0.003136718437315917, 0.005397023478437562, 0.0019775744900074506, 0.00034225277240139325, 81921.0]
[1.4521844314889155e-06, 0.0038010927494222363, 0.0020200611534226557, 1.0, 7.260922157444577e-08, 0.014252367290552528, 9.051949622947573e-05, 2.904368862977831e-07, 4.148406859286669e-05, 2.1782766472333732e-07, 1.9120428347937387e-06, 449084.0]
[0.016336884413305188, 0.005482681298101802, 0.0030379940915724137, 2.7379182512368547e-07, 1.0, 0.0010467974113895573, 0.000223687921126051, 0.001074085329960218, 0.0009317135808959016, 0.0021234381317175965, 0.0005328901556323998, 59906.0]
[0.00031058290965099174, 0.004079361038253631, 0.003758416906807365, 0.02490355605590154, 0.00048507434282364864, 1.0, 0.0012370030102521119, 0.0006714494630349668, 0.000979579512016057, 0.00013258134827830327, 9.096729829238607e-05, 103446.0]
[0.00034384626795381585, 0.03576397240012616, 0.008284354742774188, 0.0013465811959657292, 0.0008824787463401076, 0.010531417107485983, 1.0, 0.0004738237577248395, 0.001416790643348969, 0.0001231365692567592, 7.056949583135907e-05, 29273.0]
[0.00020288875981804385, 0.006164057080817718, 0.0022108003364843176, 4.3398665201720614e-06, 0.004256324089658749, 0.005742005061730985, 0.00047593869504553607, 1.0, 0.002103750295653407, 0.0016838682098267597, 0.0002329061699159006, 23853.0]
[0.00800415734712447, 0.0045745795591420274, 0.0007226166224082879, 0.00011775669241374837, 0.000701387440403709, 0.001591364216090813, 0.00027034573200005824, 0.00039964450395027674, 1.0, 0.0005949667189632795, 0.0002593532752986582, 52013.0]
[0.00613301860214495, 0.041582673008700693, 0.0026353722480395403, 6.154216458836497e-06, 0.015910017149749864, 0.00214371873316138, 0.00023386022543578691, 0.003183781314704748, 0.005921723837058229, 1.0, 0.00040686208811196843, 43703.0]
[0.01655658578135441, 0.00956456150715693, 0.000956456150715693, 0.00011328341215373277, 0.008372934728679058, 0.003084463538514926, 0.00028105757952065345, 0.0009234749041392899, 0.005413226340257483, 0.0008532105092591265, 1.0, 9506.0]
[85716.0, 117706.0, 81921.0, 449084.0, 59906.0, 103446.0, 29273.0, 23853.0, 52013.0, 43703.0, 9506.0, 8922822.0]
====== vert ========
[1.0, 3.3972595255880556e-05, 0.006059977874153604, 1.4521844314889155e-06, 0.016336884413305188, 0.00031058290965099174, 0.00034384626795381585, 0.00020288875981804385, 0.00800415734712447, 0.00613301860214495, 0.01655658578135441, 85716.0]
[2.4724891032259433e-05, 1.0, 0.10170551688891717, 0.0038010927494222363, 0.005482681298101802, 0.004079361038253631, 0.03576397240012616, 0.006164057080817718, 0.0045745795591420274, 0.041582673008700693, 0.00956456150715693, 117706.0]
[0.00014822383913247914, 0.0034181086969912837, 1.0, 0.0020200611534226557, 0.0030379940915724137, 0.003758416906807365, 0.008284354742774188, 0.0022108003364843176, 0.0007226166224082879, 0.0026353722480395403, 0.000956456150715693, 81921.0]
[7.530423664647543e-07, 0.0027083228857543353, 0.042826751338736854, 1.0, 2.7379182512368547e-07, 0.02490355605590154, 0.0013465811959657292, 4.3398665201720614e-06, 0.00011775669241374837, 6.154216458836497e-06, 0.00011328341215373277, 449084.0]
[0.002246664248229271, 0.0010359917055822458, 0.01708082501903685, 7.260922157444577e-08, 1.0, 0.00048507434282364864, 0.0008824787463401076, 0.004256324089658749, 0.000701387440403709, 0.015910017149749864, 0.008372934728679058, 59906.0]
[9.217238565528592e-05, 0.0016634500194833697, 0.04560171834495385, 0.014252367290552528, 0.0010467974113895573, 1.0, 0.010531417107485983, 0.005742005061730985, 0.001591364216090813, 0.00214371873316138, 0.003084463538514926, 103446.0]
[1.1985924332897339e-05, 0.0017129603347014574, 0.011806437841354808, 9.051949622947573e-05, 0.000223687921126051, 0.0012370030102521119, 1.0, 0.00047593869504553607, 0.00027034573200005824, 0.00023386022543578691, 0.00028105757952065345, 29273.0]
[7.0409461264454525e-06, 0.00029392330636610563, 0.003136718437315917, 2.904368862977831e-07, 0.001074085329960218, 0.0006714494630349668, 0.0004738237577248395, 1.0, 0.00039964450395027674, 0.003183781314704748, 0.0009234749041392899, 23853.0]
[0.0014622074643768287, 0.0011482564746765516, 0.005397023478437562, 4.148406859286669e-05, 0.0009317135808959016, 0.000979579512016057, 0.001416790643348969, 0.002103750295653407, 1.0, 0.005921723837058229, 0.005413226340257483, 52013.0]
[0.00011256728308037302, 0.0010486840051296205, 0.0019775744900074506, 2.1782766472333732e-07, 0.0021234381317175965, 0.00013258134827830327, 0.0001231365692567592, 0.0016838682098267597, 0.0005949667189632795, 1.0, 0.0008532105092591265, 43703.0]
[0.0001449104527200342, 0.00011502396464808289, 0.00034225277240139325, 1.9120428347937387e-06, 0.0005328901556323998, 9.096729829238607e-05, 7.056949583135907e-05, 0.0002329061699159006, 0.0002593532752986582, 0.00040686208811196843, 1.0, 9506.0]
[85716.0, 117706.0, 81921.0, 449084.0, 59906.0, 103446.0, 29273.0, 23853.0, 52013.0, 43703.0, 9506.0, 8922822.0]
======= final =======
[1.0, 2.9348743144069994e-05, 0.0031041008566430415, 1.1026133989768348e-06, 0.009291774330767229, 0.00020137764765313884, 0.0001779160961433566, 0.00010496485297224465, 0.004733182405750649, 0.0031227929426126616, 0.008350748117037222, 85716.0]
[2.9348743144069994e-05, 1.0, 0.05256181279295423, 0.003254707817588286, 0.0032593365018420235, 0.0028714055288685007, 0.01873846636741381, 0.0032289901935919118, 0.0028614180169092896, 0.021315678506915157, 0.004839792735902506, 117706.0]
[0.0031041008566430415, 0.05256181279295423, 1.0, 0.022423406246079754, 0.010059409555304632, 0.024680067625880608, 0.0100453962920645, 0.0026737593869001174, 0.003059820050422925, 0.0023064733690234956, 0.0006493544615585431, 81921.0]
[1.1026133989768348e-06, 0.003254707817588286, 0.022423406246079754, 1.0, 1.7320052334906562e-07, 0.019577961673227035, 0.0007185503460976025, 2.315151703234922e-06, 7.962038050330753e-05, 3.1860220617799174e-06, 5.7597727494263254e-05, 449084.0]
[0.009291774330767229, 0.0032593365018420235, 0.010059409555304632, 1.7320052334906562e-07, 1.0, 0.000765935877106603, 0.0005530833337330793, 0.0026652047098094833, 0.0008165505106498053, 0.00901672764073373, 0.004452912442155729, 59906.0]
[0.00020137764765313884, 0.0028714055288685007, 0.024680067625880608, 0.019577961673227035, 0.000765935877106603, 1.0, 0.005884210058869048, 0.0032067272623829755, 0.001285471864053435, 0.0011381500407198417, 0.001587715418403656, 103446.0]
[0.0001779160961433566, 0.01873846636741381, 0.0100453962920645, 0.0007185503460976025, 0.0005530833337330793, 0.005884210058869048, 1.0, 0.00047488122638518775, 0.0008435681876745136, 0.00017849839734627304, 0.00017581353767600626, 29273.0]
[0.00010496485297224465, 0.0032289901935919118, 0.0026737593869001174, 2.315151703234922e-06, 0.0026652047098094833, 0.0032067272623829755, 0.00047488122638518775, 1.0, 0.0012516973998018418, 0.002433824762265754, 0.0005781905370275953, 23853.0]
[0.004733182405750649, 0.0028614180169092896, 0.003059820050422925, 7.962038050330753e-05, 0.0008165505106498053, 0.001285471864053435, 0.0008435681876745136, 0.0012516973998018418, 1.0, 0.0032583452780107543, 0.0028362898077780706, 52013.0]
[0.0031227929426126616, 0.021315678506915157, 0.0023064733690234956, 3.1860220617799174e-06, 0.00901672764073373, 0.0011381500407198417, 0.00017849839734627304, 0.002433824762265754, 0.0032583452780107543, 1.0, 0.0006300362986855475, 43703.0]
[0.008350748117037222, 0.004839792735902506, 0.0006493544615585431, 5.7597727494263254e-05, 0.004452912442155729, 0.001587715418403656, 0.00017581353767600626, 0.0005781905370275953, 0.0028362898077780706, 0.0006300362986855475, 1.0, 9506.0]
[85716.0, 117706.0, 81921.0, 449084.0, 59906.0, 103446.0, 29273.0, 23853.0, 52013.0, 43703.0, 9506.0, 8922822.0]



after optimizing pairwise matrix via rgb images:
===== original =========
[73156212.0, 1929.0, 11615.0, 50.0, 173730.0, 7292.0, 950.0, 556.0, 109073.0, 8873.0, 11345.0, 83227.0]
[1929.0, 54279038.0, 194715.0, 152356.0, 58068.0, 94148.0, 98107.0, 16650.0, 66036.0, 59599.0, 6559.0, 114647.0]
[11615.0, 194715.0, 1848544.0, 75241.0, 32711.0, 87873.0, 22764.0, 6045.0, 10384.0, 3804.0, 653.0, 80068.0]
[50.0, 152356.0, 75241.0, 16168550.0, 2.0, 585920.0, 3441.0, 10.0, 1704.0, 9.0, 79.0, 445928.0]
[173730.0, 58068.0, 32711.0, 2.0, 9997948.0, 11397.0, 2431.0, 11519.0, 10003.0, 22929.0, 5764.0, 58493.0]
[7292.0, 94148.0, 87873.0, 585920.0, 11397.0, 22852414.0, 28943.0, 15543.0, 23010.0, 3072.0, 2114.0, 101284.0]
[950.0, 98107.0, 22764.0, 3441.0, 2431.0, 28943.0, 2644862.0, 1302.0, 3924.0, 342.0, 194.0, 28934.0]
[556.0, 16650.0, 6045.0, 10.0, 11519.0, 15543.0, 1302.0, 2643094.0, 5782.0, 4506.0, 641.0, 23443.0]
[109073.0, 66036.0, 10384.0, 1704.0, 10003.0, 23010.0, 3924.0, 5782.0, 13482072.0, 8578.0, 3700.0, 51410.0]
[8873.0, 59599.0, 3804.0, 9.0, 22929.0, 3072.0, 342.0, 4506.0, 8578.0, 1334560.0, 573.0, 42351.0]
[11345.0, 6559.0, 653.0, 79.0, 5764.0, 2114.0, 194.0, 641.0, 3700.0, 573.0, 643116.0, 9275.0]
[83227.0, 114647.0, 80068.0, 445928.0, 58493.0, 101284.0, 28934.0, 23443.0, 51410.0, 42351.0, 9275.0, 8292830.0]
====== horiz ========
[1.0, 2.636823240656583e-05, 0.0001587698389851022, 6.834689581795186e-07, 0.0023747812420905554, 9.9677112860901e-05, 1.2985910205410854e-05, 7.600174814956248e-06, 0.0014909601935102928, 0.00012128840131853738, 0.00015507910661093278, 83227.0]
[3.553858121066921e-05, 1.0, 0.0035872964439789814, 0.0028069030994985577, 0.0010698052533650282, 0.0017345185815562908, 0.0018074564991369228, 0.0003067482515073314, 0.001216602254446735, 0.0010980113538489758, 0.00012083854544363885, 114647.0]
[0.006283323523811173, 0.10533425225474752, 1.0, 0.04070284504994201, 0.017695548496546473, 0.04753633129641491, 0.012314556753856008, 0.0032701412571191166, 0.005617394013883359, 0.0020578357885990273, 0.00035325099105025363, 80068.0]
[3.092423253785899e-06, 0.00942298474507609, 0.004653540360762097, 1.0, 1.2369693015143597e-07, 0.03623825265716468, 0.00021282056832554557, 6.184846507571798e-07, 0.00010538978448902344, 5.566361856814619e-07, 4.8860287409817205e-06, 445928.0]
[0.017376565671275747, 0.005807991799917343, 0.003271771367484608, 2.0004104842313642e-07, 1.0, 0.001139933914439243, 0.00024314989435832233, 0.0011521364183930544, 0.0010005053036883167, 0.0022933705996470476, 0.0005765183015554792, 58493.0]
[0.00031909101594256083, 0.004119827340778965, 0.0038452392819419427, 0.02563930445159973, 0.000498721929333155, 1.0, 0.0012665182767999915, 0.0006801469639049948, 0.0010068958141577515, 0.00013442781143383801, 9.250663846716588e-05, 101284.0]
[0.0003591869821563469, 0.037093428693066026, 0.0086068762755864, 0.001301013058526305, 0.0009191405827600835, 0.010943104025843314, 1.0, 0.0004922752113342776, 0.001483631282085795, 0.0001293073135762849, 7.334976267192768e-05, 28934.0]
[0.00021035952561656906, 0.00629943543438107, 0.0022870923243743886, 3.783444705333976e-06, 0.004358149956074207, 0.0058806081055005986, 0.0004926045006344836, 1.0, 0.002187587728624105, 0.0017048201842234897, 0.00024251880561190786, 23443.0]
[0.008090225300680785, 0.004898060179473897, 0.0007702080214376544, 0.00012639006823283544, 0.0007419482702658761, 0.0017067109565948022, 0.0002910531852967407, 0.0004288658301186939, 1.0, 0.0006362523505289098, 0.0002744385284398422, 51410.0]
[0.006648633257403189, 0.044658164488670424, 0.002850377652559645, 6.743795707948687e-06, 0.017180943531950606, 0.002301882268313152, 0.00025626423690205014, 0.0033763937177796427, 0.006427586620309315, 1.0, 0.0004293549934060664, 42351.0]
[0.017640674466192725, 0.010198782179264705, 0.0010153689225582943, 0.00012283942554686868, 0.008962613276609507, 0.003287120830456714, 0.00030165631083661423, 0.0009967097693106687, 0.0057532389180179, 0.0008909745675741234, 1.0, 9275.0]
[83227.0, 114647.0, 80068.0, 445928.0, 58493.0, 101284.0, 28934.0, 23443.0, 51410.0, 42351.0, 9275.0, 8292830.0]
====== vert ========
[1.0, 3.553858121066921e-05, 0.006283323523811173, 3.092423253785899e-06, 0.017376565671275747, 0.00031909101594256083, 0.0003591869821563469, 0.00021035952561656906, 0.008090225300680785, 0.006648633257403189, 0.017640674466192725, 83227.0]
[2.636823240656583e-05, 1.0, 0.10533425225474752, 0.00942298474507609, 0.005807991799917343, 0.004119827340778965, 0.037093428693066026, 0.00629943543438107, 0.004898060179473897, 0.044658164488670424, 0.010198782179264705, 114647.0]
[0.0001587698389851022, 0.0035872964439789814, 1.0, 0.004653540360762097, 0.003271771367484608, 0.0038452392819419427, 0.0086068762755864, 0.0022870923243743886, 0.0007702080214376544, 0.002850377652559645, 0.0010153689225582943, 80068.0]
[6.834689581795186e-07, 0.0028069030994985577, 0.04070284504994201, 1.0, 2.0004104842313642e-07, 0.02563930445159973, 0.001301013058526305, 3.783444705333976e-06, 0.00012639006823283544, 6.743795707948687e-06, 0.00012283942554686868, 445928.0]
[0.0023747812420905554, 0.0010698052533650282, 0.017695548496546473, 1.2369693015143597e-07, 1.0, 0.000498721929333155, 0.0009191405827600835, 0.004358149956074207, 0.0007419482702658761, 0.017180943531950606, 0.008962613276609507, 58493.0]
[9.9677112860901e-05, 0.0017345185815562908, 0.04753633129641491, 0.03623825265716468, 0.001139933914439243, 1.0, 0.010943104025843314, 0.0058806081055005986, 0.0017067109565948022, 0.002301882268313152, 0.003287120830456714, 101284.0]
[1.2985910205410854e-05, 0.0018074564991369228, 0.012314556753856008, 0.00021282056832554557, 0.00024314989435832233, 0.0012665182767999915, 1.0, 0.0004926045006344836, 0.0002910531852967407, 0.00025626423690205014, 0.00030165631083661423, 28934.0]
[7.600174814956248e-06, 0.0003067482515073314, 0.0032701412571191166, 6.184846507571798e-07, 0.0011521364183930544, 0.0006801469639049948, 0.0004922752113342776, 1.0, 0.0004288658301186939, 0.0033763937177796427, 0.0009967097693106687, 23443.0]
[0.0014909601935102928, 0.001216602254446735, 0.005617394013883359, 0.00010538978448902344, 0.0010005053036883167, 0.0010068958141577515, 0.001483631282085795, 0.002187587728624105, 1.0, 0.006427586620309315, 0.0057532389180179, 51410.0]
[0.00012128840131853738, 0.0010980113538489758, 0.0020578357885990273, 5.566361856814619e-07, 0.0022933705996470476, 0.00013442781143383801, 0.0001293073135762849, 0.0017048201842234897, 0.0006362523505289098, 1.0, 0.0008909745675741234, 42351.0]
[0.00015507910661093278, 0.00012083854544363885, 0.00035325099105025363, 4.8860287409817205e-06, 0.0005765183015554792, 9.250663846716588e-05, 7.334976267192768e-05, 0.00024251880561190786, 0.0002744385284398422, 0.0004293549934060664, 1.0, 9275.0]
[83227.0, 114647.0, 80068.0, 445928.0, 58493.0, 101284.0, 28934.0, 23443.0, 51410.0, 42351.0, 9275.0, 8292830.0]
======= final =======
[1.0, 3.095340680861752e-05, 0.0032210466813981375, 1.8879461059827088e-06, 0.009875673456683151, 0.00020938406440173092, 0.00018608644618087889, 0.00010897985021576266, 0.004790592747095539, 0.003384960829360863, 0.00889787678640183, 83227.0]
[3.095340680861752e-05, 1.0, 0.05446077434936325, 0.006114943922287324, 0.0034388985266411857, 0.002927172961167628, 0.019450442596101476, 0.0033030918429442007, 0.003057331216960316, 0.0228780879212597, 0.005159810362354172, 114647.0]
[0.0032210466813981375, 0.05446077434936325, 1.0, 0.022678192705352054, 0.01048365993201554, 0.025690785289178425, 0.010460716514721205, 0.0027786167907467526, 0.0031938010176605068, 0.002454106720579336, 0.000684309956804274, 80068.0]
[1.8879461059827088e-06, 0.006114943922287324, 0.022678192705352054, 1.0, 1.618689892872862e-07, 0.030938778554382207, 0.0007569168134259253, 2.2009646780455777e-06, 0.00011588992636092944, 3.6502159468150746e-06, 6.38627271439252e-05, 445928.0]
[0.009875673456683151, 0.0034388985266411857, 0.01048365993201554, 1.618689892872862e-07, 1.0, 0.000819327921886199, 0.0005811452385592029, 0.0027551431872336308, 0.0008712267869770965, 0.009737157065798826, 0.004769565789082494, 58493.0]
[0.00020938406440173092, 0.002927172961167628, 0.025690785289178425, 0.030938778554382207, 0.000819327921886199, 1.0, 0.006104811151321653, 0.003280377534702797, 0.0013568033853762769, 0.001218155039873495, 0.00168981373446194, 101284.0]
[0.00018608644618087889, 0.019450442596101476, 0.010460716514721205, 0.0007569168134259253, 0.0005811452385592029, 0.006104811151321653, 1.0, 0.0004924398559843806, 0.0008873422336912679, 0.00019278577523916752, 0.00018750303675427096, 28934.0]
[0.00010897985021576266, 0.0033030918429442007, 0.0027786167907467526, 2.2009646780455777e-06, 0.0027551431872336308, 0.003280377534702797, 0.0004924398559843806, 1.0, 0.0013082267793713995, 0.002540606951001566, 0.0006196142874612883, 23443.0]
[0.004790592747095539, 0.003057331216960316, 0.0031938010176605068, 0.00011588992636092944, 0.0008712267869770965, 0.0013568033853762769, 0.0008873422336912679, 0.0013082267793713995, 1.0, 0.0035319194854191126, 0.0030138387232288713, 51410.0]
[0.003384960829360863, 0.0228780879212597, 0.002454106720579336, 3.6502159468150746e-06, 0.009737157065798826, 0.001218155039873495, 0.00019278577523916752, 0.002540606951001566, 0.0035319194854191126, 1.0, 0.000660164780490095, 42351.0]
[0.00889787678640183, 0.005159810362354172, 0.000684309956804274, 6.38627271439252e-05, 0.004769565789082494, 0.00168981373446194, 0.00018750303675427096, 0.0006196142874612883, 0.0030138387232288713, 0.000660164780490095, 1.0, 9275.0]


the results are :
233 800 -1000 0.00131633981084 0.00014429500867 0.00243330278214

no obvious improvements.

__________________________________________________________________________
use output and test ground truth to calculate pairwise matrix weight:
===== original =========
[38080124.0, 531.0, 2598.0, 44.0, 140960.0, 235.0, 37.0, 1265.0, 37681.0, 1746.0, 1979.0, 0.0]
[531.0, 34010390.0, 181918.0, 76992.0, 50037.0, 77952.0, 38450.0, 21849.0, 22443.0, 36323.0, 152.0, 0.0]
[2598.0, 181918.0, 5032460.0, 58624.0, 48543.0, 73279.0, 18566.0, 12512.0, 15092.0, 24707.0, 1422.0, 0.0]
"""
[44.0, 76992.0, 58624.0, 10533774.0, 2.0, 104008.0, 5700.0, 308.0, 5473.0, 96.0, 14.0, 0.0]
[140960.0, 50037.0, 48543.0, 2.0, 14829174.0, 2909.0, 44.0, 15738.0, 9998.0, 25157.0, 2954.0, 0.0]
[235.0, 77952.0, 73279.0, 104008.0, 2909.0, 17437332.0, 7372.0, 14890.0, 12646.0, 4044.0, 1559.0, 0.0]
[37.0, 38450.0, 18566.0, 5700.0, 44.0, 7372.0, 1419736.0, 82.0, 647.0, 478.0, 332.0, 0.0]
[1265.0, 21849.0, 12512.0, 308.0, 15738.0, 14890.0, 82.0, 2667744.0, 5450.0, 4248.0, 1068.0, 0.0]
[37681.0, 22443.0, 15092.0, 5473.0, 9998.0, 12646.0, 647.0, 5450.0, 6617938.0, 7698.0, 3718.0, 0.0]
[1746.0, 36323.0, 24707.0, 96.0, 25157.0, 4044.0, 478.0, 4248.0, 7698.0, 1846988.0, 3451.0, 0.0]
[1979.0, 152.0, 1422.0, 14.0, 2954.0, 1559.0, 332.0, 1068.0, 3718.0, 3451.0, 386044.0, 0.0]
[0.0, 0.0, 0.0, 0.0, 0.0, 0.0, 0.0, 0.0, 0.0, 0.0, 0.0, 0.0]
====== horiz ========
[1.0, 1.394428232429075e-05, 6.822456775613441e-05, 1.155458422351776e-06, 0.003701668618516053, 6.171198392106076e-06, 9.716354915230844e-07, 3.321942964261356e-05, 0.0009895188366508471, 4.5850691032413654e-05, 5.196936858714011e-05, 0.0]
[1.5612875947614833e-05, 1.0, 0.0053488948524259795, 0.0022637788040654637, 0.0014712268809619648, 0.002292005472445332, 0.0011305368741728631, 0.0006424213306580724, 0.0006598865817181161, 0.0010679971620437166, 4.469222493479198e-06, 0.0]
[0.000516248514642938, 0.036148921203546576, 1.0, 0.011649173565214627, 0.009645978308819147, 0.01456126824654344, 0.003689249392941027, 0.0024862592052395847, 0.002998930940335343, 0.004909527348453837, 0.00028256558422719703, 0.0]
[4.177040441535959e-06, 0.007309061310789467, 0.005565336791922819, 1.0, 1.8986547461527085e-07, 0.009873764141892545, 0.0005411166026535219, 2.923928309075171e-05, 0.0005195668712846887, 9.113542781533e-06, 1.3290583223068958e-06, 0.0]
[0.009505586757563165, 0.0033742270473055345, 0.0032734796961718837, 1.348692786260381e-07, 1.0, 0.00019616736576157242, 2.9671241297728385e-06, 0.0010612863535082939, 0.0006742115238515645, 0.0016964532211976202, 0.00019920192453065828, 0.0]
[1.34768323502701e-05, 0.004470408661141509, 0.00420242041615082, 0.005964673953561244, 0.00016682598002951368, 1.0, 0.00042277109823911135, 0.0008539150370022203, 0.0007252256251128326, 0.0002319162128701799, 8.940587929391951e-05, 0.0]
[2.60611832058918e-05, 0.027082499845041613, 0.013077079118934787, 0.004014830926313061, 3.0991677325925383e-05, 0.005192514664698226, 1.0, 5.775721683467912e-05, 0.0004557185279516755, 0.00033668231276800755, 0.00023384629255016425, 0.0]
[0.0004741834298943227, 0.008190066213249848, 0.00469010519750021, 0.00011545335684383509, 0.005899366655871028, 0.0055814950759893005, 3.0737582016865184e-05, 1.0, 0.002042924658437991, 0.0015923566878980893, 0.00040033826334161, 0.0]
[0.005693767454454847, 0.0033912375727907997, 0.0022804686293525266, 0.0008269947527462482, 0.0015107424699354996, 0.0019108671009006129, 9.776459072297141e-05, 0.0008235193499848443, 1.0, 0.0011632021937951066, 0.0005618064116043396, 0.0]
[0.0009453228716158415, 0.0196660725462212, 0.013376914197601716, 5.197651527784696e-05, 0.013620554112966624, 0.002189510706079303, 0.00025879973232094633, 0.002299960801044728, 0.004167866818842353, 1.0, 0.0018684474398317694, 0.0]
[0.005126358653417745, 0.0003937375014247081, 0.003683517940960098, 3.626529618385469e-05, 0.00765197749479334, 0.0040383997679021046, 0.0008600055952171255, 0.0027665240231683434, 0.009631026515112266, 0.00893939550932018, 1.0, 0.0]
[0.0, 0.0, 0.0, 0.0, 0.0, 0.0, 0.0, 0.0, 0.0, 0.0, 0.0, 0.0]
====== vert ========
[1.0, 1.5612875947614833e-05, 0.000516248514642938, 4.177040441535959e-06, 0.009505586757563165, 1.34768323502701e-05, 2.60611832058918e-05, 0.0004741834298943227, 0.005693767454454847, 0.0009453228716158415, 0.005126358653417745, 0.0]
[1.394428232429075e-05, 1.0, 0.036148921203546576, 0.007309061310789467, 0.0033742270473055345, 0.004470408661141509, 0.027082499845041613, 0.008190066213249848, 0.0033912375727907997, 0.0196660725462212, 0.0003937375014247081, 0.0]
[6.822456775613441e-05, 0.0053488948524259795, 1.0, 0.005565336791922819, 0.0032734796961718837, 0.00420242041615082, 0.013077079118934787, 0.00469010519750021, 0.0022804686293525266, 0.013376914197601716, 0.003683517940960098, 0.0]
[1.155458422351776e-06, 0.0022637788040654637, 0.011649173565214627, 1.0, 1.348692786260381e-07, 0.005964673953561244, 0.004014830926313061, 0.00011545335684383509, 0.0008269947527462482, 5.197651527784696e-05, 3.626529618385469e-05, 0.0]
[0.003701668618516053, 0.0014712268809619648, 0.009645978308819147, 1.8986547461527085e-07, 1.0, 0.00016682598002951368, 3.0991677325925383e-05, 0.005899366655871028, 0.0015107424699354996, 0.013620554112966624, 0.00765197749479334, 0.0]
[6.171198392106076e-06, 0.002292005472445332, 0.01456126824654344, 0.009873764141892545, 0.00019616736576157242, 1.0, 0.005192514664698226, 0.0055814950759893005, 0.0019108671009006129, 0.002189510706079303, 0.0040383997679021046, 0.0]
[9.716354915230844e-07, 0.0011305368741728631, 0.003689249392941027, 0.0005411166026535219, 2.9671241297728385e-06, 0.00042277109823911135, 1.0, 3.0737582016865184e-05, 9.776459072297141e-05, 0.00025879973232094633, 0.0008600055952171255, 0.0]
[3.321942964261356e-05, 0.0006424213306580724, 0.0024862592052395847, 2.923928309075171e-05, 0.0010612863535082939, 0.0008539150370022203, 5.775721683467912e-05, 1.0, 0.0008235193499848443, 0.002299960801044728, 0.0027665240231683434, 0.0]
[0.0009895188366508471, 0.0006598865817181161, 0.002998930940335343, 0.0005195668712846887, 0.0006742115238515645, 0.0007252256251128326, 0.0004557185279516755, 0.002042924658437991, 1.0, 0.004167866818842353, 0.009631026515112266, 0.0]
[4.5850691032413654e-05, 0.0010679971620437166, 0.004909527348453837, 9.113542781533e-06, 0.0016964532211976202, 0.0002319162128701799, 0.00033668231276800755, 0.0015923566878980893, 0.0011632021937951066, 1.0, 0.00893939550932018, 0.0]
[5.196936858714011e-05, 4.469222493479198e-06, 0.00028256558422719703, 1.3290583223068958e-06, 0.00019920192453065828, 8.940587929391951e-05, 0.00023384629255016425, 0.00040033826334161, 0.0005618064116043396, 0.0018684474398317694, 1.0, 0.0]
[0.0, 0.0, 0.0, 0.0, 0.0, 0.0, 0.0, 0.0, 0.0, 0.0, 0.0, 0.0]
======= final =======
[1.0, 1.4778579135952791e-05, 0.0002922365411995362, 2.6662494319438673e-06, 0.006603627688039609, 9.824015371188088e-06, 1.3516409348707441e-05, 0.00025370142976846816, 0.0033416431455528467, 0.0004955867813241276, 0.0025891640110024426, 0.0]
[1.4778579135952791e-05, 1.0, 0.020748908027986276, 0.004786420057427465, 0.0024227269641337494, 0.0033812070667934204, 0.014106518359607238, 0.00441624377195396, 0.002025562077254458, 0.010367034854132458, 0.00019910336195909365, 0.0]
[0.0002922365411995362, 0.020748908027986276, 1.0, 0.008607255178568723, 0.006459729002495515, 0.00938184433134713, 0.008383164255937907, 0.003588182201369897, 0.0026396997848439348, 0.009143220773027778, 0.0019830417625936476, 0.0]
[2.6662494319438673e-06, 0.004786420057427465, 0.008607255178568723, 1.0, 1.6236737662065447e-07, 0.007919219047726894, 0.0022779737644832913, 7.23463199672934e-05, 0.0006732808120154684, 3.054502902968998e-05, 1.8797177253080794e-05, 0.0]
[0.006603627688039609, 0.0024227269641337494, 0.006459729002495515, 1.6236737662065447e-07, 1.0, 0.00018149667289554306, 1.6979400727849112e-05, 0.003480326504689661, 0.0010924769968935321, 0.007658503667082122, 0.0039255897096619995, 0.0]
[9.824015371188088e-06, 0.0033812070667934204, 0.00938184433134713, 0.007919219047726894, 0.00018149667289554306, 1.0, 0.0028076428814686684, 0.0032177050564957603, 0.0013180463630067228, 0.0012107134594747414, 0.002063902823598012, 0.0]
[1.3516409348707441e-05, 0.014106518359607238, 0.008383164255937907, 0.0022779737644832913, 1.6979400727849112e-05, 0.0028076428814686684, 1.0, 4.424739942577215e-05, 0.00027674155933732347, 0.00029774102254447694, 0.0005469259438836449, 0.0]
[0.00025370142976846816, 0.00441624377195396, 0.003588182201369897, 7.23463199672934e-05, 0.003480326504689661, 0.0032177050564957603, 4.424739942577215e-05, 1.0, 0.0014332220042114177, 0.0019461587444714087, 0.0015834311432549766, 0.0]
[0.0033416431455528467, 0.002025562077254458, 0.0026396997848439348, 0.0006732808120154684, 0.0010924769968935321, 0.0013180463630067228, 0.00027674155933732347, 0.0014332220042114177, 1.0, 0.00266553450631873, 0.0050964164633583026, 0.0]
[0.0004955867813241276, 0.010367034854132458, 0.009143220773027778, 3.054502902968998e-05, 0.007658503667082122, 0.0012107134594747414, 0.00029774102254447694, 0.0019461587444714087, 0.00266553450631873, 1.0, 0.005403921474575975, 0.0]
[0.0025891640110024426, 0.00019910336195909365, 0.0019830417625936476, 1.8797177253080794e-05, 0.0039255897096619995, 0.002063902823598012, 0.0005469259438836449, 0.0015834311432549766, 0.0050964164633583026, 0.005403921474575975, 1.0, 0.0]
[0.0, 0.0, 0.0, 0.0, 0.0, 0.0, 0.0, 0.0, 0.0, 0.0, 0.0, 0.0]
