# the last optimized weight matrix, with removing pairs whose labels are different and RGB values on road scene images are also different.
pairwise_relation = [
[1.0, 0.00003271167751, 0.004036124242,0.000001159061627,0.01202,0.0002269327535,0.0001932614035,0.0001090940229,0.004944134491,0.004255624901,0.009668167289],
[0.00003271167751, 1.0,0.06824039056,-0.006137999098,0.00404,0.002888189011,0.02000999412,0.003123897919,0.003281540647,0.02699881215,0.005701057385],
[0.004036124242,0.06824039056,1.0,0.008617127395,0.012442,0.03162469107,0.01226436236,0.002827940088,0.003903192921,0.002116747474,0.0007028863427],
[0.000001159061627,-0.006137999098,0.008617127395,1.0,-0.000000097,-0.01825247463,-0.000164850809,-0.00004520916165,-0.00002375762152,-0.00002003429493,0.00006357245473],
[0.01202,0.00404,0.012442,-0.000000097,1.0,0.0009737,0.00063,0.002895,0.000994,0.011553,0.0050548],
[0.0002269327535,0.002888189011,0.03162469107,-0.01825247463,0.0009737,1.0,0.006292754458,0.003351854937,0.001418095257,0.0012391809,0.001683860548],
[0.0001932614035,0.02000999412,0.01226436236,-0.000164850809,0.00063,0.006292754458,1.0,0.000529259008,0.0009325597572,0.0002268698446,0.0002018042707],
[0.0001090940229,0.003123897919,0.002827940088,-0.00004520916165,0.002895,0.003351854937,0.000529259008,1.0,0.001317413899,0.002767164425,0.0004626379978],
[0.004944134491,0.003281540647,0.003903192921,-0.00002375762152,0.000994,0.001418095257,0.0009325597572,0.001317413899,1.0,0.004173947629,0.003032097518],
[0.004255624901,0.02699881215,0.002116747474,-0.00002003429493,0.011553,0.0012391809,0.0002268698446,0.002767164425,0.004173947629,1.0,0.0004224633832],
[0.009668167289,0.005701057385,0.0007028863427,0.00006357245473,0.0050548,0.001683860548,0.0002018042707,0.0004626379978,0.003032097518,0.0004224633832,1.0]
]

"""
# weight matrix when using train gt and train road scene as output
pairwise_relation = [
[1.0, 3.095340680861752e-05, 0.0032210466813981375, 1.8879461059827088e-06, 0.009875673456683151, 0.00020938406440173092, 0.00018608644618087889, 0.00010897985021576266, 0.004790592747095539, 0.003384960829360863, 0.00889787678640183],
[3.095340680861752e-05, 1.0, 0.05446077434936325, 0.006114943922287324, 0.0034388985266411857, 0.002927172961167628, 0.019450442596101476, 0.0033030918429442007, 0.003057331216960316, 0.0228780879212597, 0.005159810362354172],
[0.0032210466813981375, 0.05446077434936325, 1.0, 0.022678192705352054, 0.01048365993201554, 0.025690785289178425, 0.010460716514721205, 0.0027786167907467526, 0.0031938010176605068, 0.002454106720579336, 0.000684309956804274],
[1.8879461059827088e-06, 0.006114943922287324, 0.022678192705352054, 1.0, 1.618689892872862e-07, 0.030938778554382207, 0.0007569168134259253, 2.2009646780455777e-06, 0.00011588992636092944, 3.6502159468150746e-06, 6.38627271439252e-05],
[0.009875673456683151, 0.0034388985266411857, 0.01048365993201554, 1.618689892872862e-07, 1.0, 0.000819327921886199, 0.0005811452385592029, 0.0027551431872336308, 0.0008712267869770965, 0.009737157065798826, 0.004769565789082494],
[0.00020938406440173092, 0.002927172961167628, 0.025690785289178425, 0.030938778554382207, 0.000819327921886199, 1.0, 0.006104811151321653, 0.003280377534702797, 0.0013568033853762769, 0.001218155039873495, 0.00168981373446194],
[0.00018608644618087889, 0.019450442596101476, 0.010460716514721205, 0.0007569168134259253, 0.0005811452385592029, 0.006104811151321653, 1.0, 0.0004924398559843806, 0.0008873422336912679, 0.00019278577523916752, 0.00018750303675427096],
[0.00010897985021576266, 0.0033030918429442007, 0.0027786167907467526, 2.2009646780455777e-06, 0.0027551431872336308, 0.003280377534702797, 0.0004924398559843806, 1.0, 0.0013082267793713995, 0.002540606951001566, 0.0006196142874612883],
[0.004790592747095539, 0.003057331216960316, 0.0031938010176605068, 0.00011588992636092944, 0.0008712267869770965, 0.0013568033853762769, 0.0008873422336912679, 0.0013082267793713995, 1.0, 0.0035319194854191126, 0.0030138387232288713],
[0.003384960829360863, 0.0228780879212597, 0.002454106720579336, 3.6502159468150746e-06, 0.009737157065798826, 0.001218155039873495, 0.00019278577523916752, 0.002540606951001566, 0.0035319194854191126, 1.0, 0.000660164780490095],
[0.00889787678640183, 0.005159810362354172, 0.000684309956804274, 6.38627271439252e-05, 0.004769565789082494, 0.00168981373446194, 0.00018750303675427096, 0.0006196142874612883, 0.0030138387232288713, 0.000660164780490095, 1.0]
]
"""
"""
# weight matrix when using test road scene and output as reference
pairwise_relation= [
[1.0, 1.4778579135952791e-05, 0.0002922365411995362, 2.6662494319438673e-06, 0.006603627688039609, 9.824015371188088e-06, 1.3516409348707441e-05, 0.00025370142976846816, 0.0033416431455528467, 0.0004955867813241276, 0.0025891640110024426],
[1.4778579135952791e-05, 1.0, 0.020748908027986276, 0.004786420057427465, 0.0024227269641337494, 0.0033812070667934204, 0.014106518359607238, 0.00441624377195396, 0.002025562077254458, 0.010367034854132458, 0.00019910336195909365],
[0.0002922365411995362, 0.020748908027986276, 1.0, 0.008607255178568723, 0.006459729002495515, 0.00938184433134713, 0.008383164255937907, 0.003588182201369897, 0.0026396997848439348, 0.009143220773027778, 0.0019830417625936476],
[2.6662494319438673e-06, 0.004786420057427465, 0.008607255178568723, 1.0, 1.6236737662065447e-07, 0.007919219047726894, 0.0022779737644832913, 7.23463199672934e-05, 0.0006732808120154684, 3.054502902968998e-05, 1.8797177253080794e-05],
[0.006603627688039609, 0.0024227269641337494, 0.006459729002495515, 1.6236737662065447e-07, 1.0, 0.00018149667289554306, 1.6979400727849112e-05, 0.003480326504689661, 0.0010924769968935321, 0.007658503667082122, 0.0039255897096619995],
[9.824015371188088e-06, 0.0033812070667934204, 0.00938184433134713, 0.007919219047726894, 0.00018149667289554306, 1.0, 0.0028076428814686684, 0.0032177050564957603, 0.0013180463630067228, 0.0012107134594747414, 0.002063902823598012],
[1.3516409348707441e-05, 0.014106518359607238, 0.008383164255937907, 0.0022779737644832913, 1.6979400727849112e-05, 0.0028076428814686684, 1.0, 4.424739942577215e-05, 0.00027674155933732347, 0.00029774102254447694, 0.0005469259438836449],
[0.00025370142976846816, 0.00441624377195396, 0.003588182201369897, 7.23463199672934e-05, 0.003480326504689661, 0.0032177050564957603, 4.424739942577215e-05, 1.0, 0.0014332220042114177, 0.0019461587444714087, 0.0015834311432549766],
[0.0033416431455528467, 0.002025562077254458, 0.0026396997848439348, 0.0006732808120154684, 0.0010924769968935321, 0.0013180463630067228, 0.00027674155933732347, 0.0014332220042114177, 1.0, 0.00266553450631873, 0.0050964164633583026],
[0.0004955867813241276, 0.010367034854132458, 0.009143220773027778, 3.054502902968998e-05, 0.007658503667082122, 0.0012107134594747414, 0.00029774102254447694, 0.0019461587444714087, 0.00266553450631873, 1.0, 0.005403921474575975],
[0.0025891640110024426, 0.00019910336195909365, 0.0019830417625936476, 1.8797177253080794e-05, 0.0039255897096619995, 0.002063902823598012, 0.0005469259438836449, 0.0015834311432549766, 0.0050964164633583026, 0.005403921474575975, 1.0],
]
"""

