pairwise_relation = [
[1.0, 3.095340680861752e-05, 0.0032210466813981375, 1.8879461059827088e-06, 0.009875673456683151, 0.00020938406440173092, 0.00018608644618087889, 0.00010897985021576266, 0.004790592747095539, 0.003384960829360863, 0.00889787678640183],
[3.095340680861752e-05, 1.0, 0.05446077434936325, 0.006114943922287324, 0.0034388985266411857, 0.002927172961167628, 0.019450442596101476, 0.0033030918429442007, 0.003057331216960316, 0.0228780879212597, 0.005159810362354172],
[0.0032210466813981375, 0.05446077434936325, 1.0, 0.022678192705352054, 0.01048365993201554, 0.025690785289178425, 0.010460716514721205, 0.0027786167907467526, 0.0031938010176605068, 0.002454106720579336, 0.000684309956804274],
[1.8879461059827088e-06, 0.006114943922287324, 0.022678192705352054, 1.0, 1.618689892872862e-07, 0.030938778554382207, 0.0007569168134259253, 2.2009646780455777e-06, 0.00011588992636092944, 3.6502159468150746e-06, 6.38627271439252e-05],
[0.009875673456683151, 0.0034388985266411857, 0.01048365993201554, 1.618689892872862e-07, 1.0, 0.000819327921886199, 0.0005811452385592029, 0.0027551431872336308, 0.0008712267869770965, 0.009737157065798826, 0.004769565789082494],
[0.00020938406440173092, 0.002927172961167628, 0.025690785289178425, 0.030938778554382207, 0.000819327921886199, 1.0, 0.006104811151321653, 0.003280377534702797, 0.0013568033853762769, 0.001218155039873495, 0.00168981373446194],
[0.00018608644618087889, 0.019450442596101476, 0.010460716514721205, 0.0007569168134259253, 0.0005811452385592029, 0.006104811151321653, 1.0, 0.0004924398559843806, 0.0008873422336912679, 0.00019278577523916752, 0.00018750303675427096],
[0.00010897985021576266, 0.0033030918429442007, 0.0027786167907467526, 2.2009646780455777e-06, 0.0027551431872336308, 0.003280377534702797, 0.0004924398559843806, 1.0, 0.0013082267793713995, 0.002540606951001566, 0.0006196142874612883],
[0.004790592747095539, 0.003057331216960316, 0.0031938010176605068, 0.00011588992636092944, 0.0008712267869770965, 0.0013568033853762769, 0.0008873422336912679, 0.0013082267793713995, 1.0, 0.0035319194854191126, 0.0030138387232288713],
[0.003384960829360863, 0.0228780879212597, 0.002454106720579336, 3.6502159468150746e-06, 0.009737157065798826, 0.001218155039873495, 0.00019278577523916752, 0.002540606951001566, 0.0035319194854191126, 1.0, 0.000660164780490095],
[0.00889787678640183, 0.005159810362354172, 0.000684309956804274, 6.38627271439252e-05, 0.004769565789082494, 0.00168981373446194, 0.00018750303675427096, 0.0006196142874612883, 0.0030138387232288713, 0.000660164780490095, 1.0]
]

